%Gemerate LUT Table
%% Create LUT Variable using relevant temps (1 to 80) 
LUT = zeros(80,1);
LUT(1)=30.25;	LUT(42)=4.915;
LUT(2)=28.82;	LUT(43)=4.723;
LUT(3)=27.45;	LUT(44)=4.539;
LUT(4)=	    26.16;	LUT(45)=	4.363;	
LUT(5)=	    24.94;	LUT(46)=	4.195;	
LUT(6)=	    23.77;	LUT(47)=	4.034;	
LUT(7)=	    22.67;	LUT(48)=	3.880;	
LUT(8)=	    21.62;	LUT(49)=	3.733;	
LUT(9)=	    20.63;	LUT(50)=	3.592;	
LUT(10)=	19.68;	LUT(51)=	3.457;	
LUT(11)=    18.78;	LUT(52)=	3.328;	
LUT(12)=    17.93;	LUT(53)=	3.204;	
LUT(13)=	17.12;	LUT(54)=	3.086;	
LUT(14)=    16.35;	LUT(55)=	2.972;	
LUT(15)=	15.62;	LUT(56)=	2.863;	
LUT(16)=	14.93;	LUT(57)=	2.759;	
LUT(17)=	14.26;	LUT(58)=	2.659;	
LUT(18)=	13.63;	LUT(59)=	2.564;	
LUT(19)=	13.04;	LUT(60)=	2.472;	
LUT(20)=	12.47;	LUT(61)=    2.384;	
LUT(21)=	11.92;	LUT(62)=	2.299;	
LUT(22)=	11.41;	LUT(63)=	2.218;	
LUT(23)=	10.91;	LUT(64)=	2.141;	
LUT(24)=	10.45;	LUT(65)=	2.066;	
LUT(25)=	10.00;	LUT(66)=	1.994;	
LUT(26)=	9.575;	LUT(67)=	1.926;	
LUT(27)=	9.170;	LUT(68)=	1.860;	
LUT(28)=	8.784;	LUT(69)=	1.796;	
LUT(29)=	8.416;	LUT(70)=	1.735;	
LUT(30)=	8.064;	LUT(71)=	1.677;	
LUT(31)=	7.730;	LUT(72)=	1.621;	
LUT(32)=	7.410;	LUT(73)=	1.567;	
LUT(33)=	7.106;	LUT(74)=	1.515;	
LUT(34)=	6.815;	LUT(75)=	1.465;	
LUT(35)=	6.538;	LUT(76)=	1.417;	
LUT(36)=	6.273;	LUT(77)=	1.371;	
LUT(37)=	6.020;	LUT(78)=	1.326;			
LUT(38)=	5.778;	LUT(79)=	1.284;			
LUT(39)=	5.548;	LUT(80)=	1.243;			
LUT(40)=	5.327;			
LUT(41)=    5.117;	
